WBBBWUUUUUUUUWBBBWUUUUUUUUWBBBWUUUUUUUUWBBBWUUUUUUUUWBBBWUUUUUUU
(?:^|W)(B{3})(?:W|$)



Als wel gebroken maar het verschil tussen $PuzzlePieces.Count en $SolutionStringPieces 1 is kiezen voor links of rechts?
$PuzzleSplittable
$SolutionStringSplittable
$PuzzlePieces | Group-Object
$SolutionStringPieces | Group-Object

BBBBW WWW WWWUBBBUW WWW WWWUBBBUW WWW WWWUBBBUW WWW WWWUBBBUW WWW WWW
4, , ,4, , ,4, , ,4, , ,4, , 
4 WWWUBBBUW                     5 4
(?:^|W)(B{1})(?:W|$)    All 1's are solved (10 matches, )
(?:^|W)(B{4})(?:W|$)    4 out of 5 4's are unsolved, just break it apart

UUUUW WWBBBBBWUUUUUW WWBBBBBWUUUUUW WWBBBBBWUUUUUW WWBBBBBWUUUUUW WWBBBBBW
1, ,5,1, ,5,1, ,5,1, ,5,1, ,5
1 UUUUW                         1 1
4 WWBBBBBWUUUUUW                1 5
                                4 5,1

Als niet gebroken: Match1.groups.count (20) vs $solutionarray.count (10) en bij mooie aantallen (20/10 is 2) splitsen na ieder mooi aantal (2) 

ToDo: Deze test:
UUUWUUU 1,2 0,0 UWUUU   2
UUUWUUU 1,2 1,1 WUUU    2 
UUUWUUU 1,2 2,2 UUU     2
En ook testen op de volgende bijzonder langzame (iter=3)
????.?.????? 1,1,1,1                (rij 94, 367 sec, 2286208)
??????.????? 1,1,1                  (rij 191, 649 sec, 6344578)
???.????##???????? 1,1,7,1          (rij 309 237 sec, 2155740)
???????????? 1,1,1,2                (rij 489, 411 sec, 2704156)
???.??????.??? 1,1,1,2              (rij 490, 972 sec, 6841374)
?????.??????.??????? 3,2,1,1,1,2    (rij 902, )

demo
1   21      0,0145948   => 0,0223753    => 0,0161342    => 0,0094284    => 0,0093214
2   206     0,5255268   => 0,0358924    => 0,0331889    => 0,0252908    => 0,0169367
3   2612    90,9775565  => 0,1307496    => 0,0440446    => 0,0422232    => 0,0242696
4   36308               => 0,7733515    => 0,0649266    => 0,0562814    => 0,0385117
5   525152              => 6,751678     => 0,1995921    => 0,1410456    => 0,3116181

echt
1   6958    11,8158538  => 4,3253781        => 2,0247471
2   328495              => 12677,4297573    => 64,642989
24
25
45
694
726
766
784
804
948
952
1162
1174
1302
1314
1333
1607
1615
1845
1849
2822
2826
2828
3085
3101
3129
3342
3402
3411
3516
3525
3687
3691
3709
4045
4067
4068
4085
4087
4105
4114
4123
4125
4142
12427
12429
12431
12482
12537
12602
12618
13295
13311
13431
13448
13457
13733
13739
13748
13773
14450
14484
14644
14653
14662
14666
14788
14799
14820
14836
15096
15128
15156
15159
15163
15167
15271
15527
15539
16368
16416
16420
16421
16446
16469
16485
16487
16491
16492
16496
16497
16499
17437
17457
28594
28630
28639
28668
28739
28741
28750
28756
28759
28760
28766
28774
28783
28787
28799
28803
29141
29155
29163
29172
29196
29212
29347
32734
32803
32841
32961
33021
33049
33426
33441
33472
33811
33855
33873
33890
33891
33895
33903
34043
34045
34271
34274
34278
34293
34455
34456
34458
34799
34835
34836
34848
34856
34968
34975
35427
35429
36286
36798
36801
36873
36996
37000
37024
37126
37143
37168
37192
37196
37205
37358
38888
41260
41264
41276
41280
41620
41621
41639
41640
41650
41674
41684
41687
41705
41714
41715
42211
43177
43181
43190
43191
45594
47989
47993
48007
48019
70500
70509
70525
70585
70589
70591
70593
70611
70614
70630
70631
71405
71415
71425
71521
71522
71526
71794
71819
71821
71827
73522
73534
73550
73559
73560
73564
73594
74025
76640
76654
77578
77703
77713
77731
77747
77779
77859
77873
77918
78050
78056
78476
78491
79536
79537
80531
80532
82629
82630
82679
82781
82793
82795
82796
82824
82830
82865
82901
82942
82957
82975
83756
83759
83840
83844
84768
84776
85091
85943
85945
85947
85955
89114
89180
89186
89188
89314
89324
92218
92390
92420
92577
92631
93051
93218
93656
93657
93663
93712
93771
93775
93776
94029
94047
94063
94589
94605
94617
94671
94687
94867
94868
94872
96592
96613
96614
98908
98912
99164
99167
99314
99332
99464
99484
99500
99502
99511
111351
111375
111376
111407
111551
111552
111566
112028
112106
112386
112387
112536
112572
112812
112844
112846
112855
112859
112871
112879
114049
114112
114113
114137
114138
114142
114151
114415
114417
114429
114529
114686
114731
114771
114781
114793
114801
114930
114995
115139
115143
115163
115403
115460
115992
116001
116017
116161
116197
116198
116207
116213
116217
116221
116225
116249
116275
116303
116351
116745
116791
116799
116815
116863
116883
120017
120021
120089
120090
120099
120157
120189
120190
120191
120234
120484
120590
122090
122208
122209
122215
122319
122487
122488
122494
122524
122536
122602
122605
122647
122648
123143
123144
123145
123169
123178
123179
123183
123184
123220
123224
123483
124149
124150
125743
125820
125927
125935
125939
125999
126347
126350
126372
126391
126415
126574
126578
126747
126891
126895
127216
128144
128193
128424
129236
129771
129801
129905
129959
131718
131784
131788
132006
132022
132058
132353
132362
132382
135726
135727
135733
135758
135767
135768
136263
136267
136270
136271
136421
138749
138774
138786
138788
138992
139110
139125
139134
139198
139206
139210
139609
139610
139614
139642
139654
139730
139731
139760
139868
139898
139902
139911
139922
140439
140440
140466
140526
140580
140709
140773
153643
176598
176599
176600
176880
176912
177122
177126
177142
177154
178078
178131
178133
178137
178141
178151
178152
180219
180245
180261
180269
180497
180679
181007
181512
181516
181548
181550
181560
181596
181600
181604
181664
181668
181677
181941
181945
182014
182234
182235
182251
182260
182264
182268
182348
182359
182399
182690
182691
182731
183782
184200
184336
184352
184409
184417
184771
184799
184800
184812
184818
184834
184850
184866
184868
185330
185331
185355
185635
185647
186210
186321
186330
186540
186626
186661
186667
186683
186691
186695
187355
187357
187369
187447
187519
187544
187895
187896
188165
188245
188260
188266
190701
190702
190718
190719
190728
190855
191139
191155
191156
191162
191306
191621
191647
191667
191860
191922
191950
191958
191959
191971
191980
191995
192003
192027
192222
192237
192245
192253
192265
192269
192270
192274
192322
192338
192347
192479
192524
192530
192542
192545
192546
192550
192562
193450
193476
193482
193522
193526
193958
193960
193975
193976
194039
194106
194124
194125
194140
194278
194384
194420
194475
194507
194515
194564
195019
195028
195044
195056
195568
195608
195612
195614
200080
200203
200660
200661
200697
203401
203598
203600
203630
203902
203997
204051
205025
206527
206570
206578
206590
206592
206605
206632
206654
206690
206694
206697
206707
206711
206720
206769
206784
206824
206855
206859
206863
206867
209317
209371
209433
209481
209867
210729
210738
210742
210966
210972
210973
210975
210995
210996
211020
211021
211836
211880
211898
211910
213199
213201
213214
213310
213312
213342
213452
213488
213497
213560
214170
214174
214178
214181
214443
214530
214545
214595
214607
215166
215202
215282
215340
215341
215557
215638
215738
217290
217315
217319
217391
217392
217435
217964
218064
218947
218983
218998
219033
219045
219046
219058
219128
219239
219287
219290
219310
219325
219349
219353
219357
219393
219422
219430
219432
219471
219475
219497
219500
219508
219528
220292
220597
220598
220601
220602
220606
220630
223105
223111
223115
223119
223133
223134
223155
223411
223415
223582
224357
224372
225524
225533
229001
229002
230342
230354
230355
230363
230367
230371
230442
231325
231592
231596
231656
231686
232047
232215
233437
233491
233497
233512
233516
233518
235330
235340
235372
235376
235448
235452
235460
235557
235559
235591
235606
235646
235715
237597
237621
237624
237628
237682
238811
238812
240157
240161
240165
240677
240701
240705
240872
241002
241020
241021
241138
241179
241180
241189
241208
241268
241270
241394
242146
242150
242158
242174
242189
242515
244769
244782
244783
244784
244965
244966
244975
244984
245140
245141
245142
245635
245824
246650
246654
246662
246716
246720
246736
246740
246746
247298
248252
248256
248276
248326
249676
252031
252043
254165
254171
254172
254293
254297
254324
254500
254540
254541
254553
254778
254786
254792
255553
255554
258284
258404
258455
298550
298552
298585
298601
298608
298821
298855
298859
298889
298937
298943
298987
299800
299855
299858
299862
299928
299932
299939
301490
301526
301535
301688
301877
301879
302044
302048
302052
302088
302094
302132
302139
302223
302439
302473
305897
306173
306633
306708
306709
306710
306719
306987
307351
307371
307417
307418
307426
307568
307608
307612
307646
308498
308507
308513
308997
309041
310612
310613
311801
311811
311815
311821
311875
311885
311897
311901
311917
311933
311942
311950
311951
312158
312167
318207
318237
318279
322185
322216
322232
322234
322373
322645
322649
322650
323880
323884
323885
323889
323925
323929
323933
324150
324725
324780
324786
324858
328348
328495

3
1, 144, 0.0787058
2, 145, 0.1132371
3, 249, 0.1577202
4, 38031, 15.1667566
5, 38287, 15.2320315
6, 38687, 15.6107057
7, 38795, 15.7171656
8, 38895, 15.745224
9, 40623, 16.3108935
10, 40631, 16.3304332
11, 44339, 17.8632812
12, 44387, 17.8727905
13, 46435, 17.8904114
14, 46507, 17.9889307
15, 46638, 18.2069622
16, 55848, 25.2711953
17, 55880, 25.2897102
18, 62155, 27.8682921
19, 62163, 27.8778411
20, 122362, 46.5514187
21, 122384, 46.57482
22, 122388, 46.5825684
23, 128393, 47.6150835
24, 128457, 47.6252833
25, 128689, 47.7158896
26, 132895, 48.1334833
27, 133495, 48.1514049
28, 133522, 48.1732164
29, 134755, 48.4082333
30, 134782, 48.4249813
31, 138010, 49.39884
32, 138018, 49.406221
33, 138126, 49.431427
34, 146190, 49.4507242
35, 146361, 49.4950863
36, 146362, 49.4982399
37, 146467, 49.5613339
38, 146471, 49.5680172
39, 146579, 49.6034063
40, 146606, 49.6126298
41, 146633, 49.6319987
42, 146637, 49.6423106
43, 146754, 49.7016715
44, 1256502, 246.6339906
45, 1256506, 246.6384073
46, 1256510, 246.6434973
47, 1257027, 246.7411352
48, 1257637, 246.9877134
49, 1258482, 247.1626762
50, 1258585, 247.1980229
51, 1299899, 253.0259621
52, 1300027, 253.039786
53, 1302427, 253.5548663
54, 1302542, 253.6438197
55, 1302569, 253.6484783
56, 1308965, 254.4938672
57, 1309005, 254.504487
58, 1309032, 254.5102256
59, 1309157, 254.5169035
60, 1344054, 269.895167
61, 1344358, 269.9980602
62, 1348082, 272.0245376
63, 1348109, 272.0308317
64, 1348136, 272.0364598
65, 1348186, 272.184304
66, 1350426, 272.5989158
67, 1350496, 272.6229345
68, 1350615, 272.6622074
69, 1350679, 272.7135601
70, 1358983, 277.2877979
71, 1359239, 277.3386256
72, 1359451, 277.3932207
73, 1359460, 277.4008695
74, 1359468, 277.4074311
75, 1359484, 277.4251914
76, 1361168, 278.3146158
77, 1369360, 279.3710385
78, 1369408, 279.3771877
79, 1402376, 286.2093894
80, 1402920, 286.4096314
81, 1402928, 286.5444753
82, 1402929, 286.5485868
83, 1403084, 286.6320982
84, 1403265, 286.6675632
85, 1403425, 286.8338605
86, 1403429, 286.8387861
87, 1403437, 286.8433361
88, 1403438, 286.8711001
89, 1403454, 286.8896745
90, 1403455, 286.8925595
91, 1403459, 286.8984842
92, 1458537, 298.3757733
93, 1458673, 298.4113453
94, 3744881, 665.2629702
95, 3745097, 665.2757938
96, 3745124, 665.2830037
97, 3745336, 665.4043585
98, 3746243, 665.9041075
99, 3746247, 665.9126775
100, 3746274, 665.9174586
101, 3746292, 665.9227326
102, 3746301, 665.9713551
103, 3746302, 665.9728229
104, 3746320, 665.9781189
105, 3746352, 666.0540041
106, 3746379, 666.0580151
107, 3746387, 666.0630184
108, 3746459, 666.0857472
109, 3746467, 666.0898874
110, 3754833, 666.8492041
111, 3754955, 666.8991457
112, 3754989, 666.9164204
113, 3755016, 666.9211489
114, 3755160, 666.9524653
115, 3755224, 666.9708035
116, 3757249, 666.9844334
117, 4047998, 706.058906
118, 4048872, 706.2776057
119, 4049118, 706.3412282
120, 4050986, 706.8502504
121, 4051586, 706.8701082
122, 4051782, 706.9314709
123, 4065329, 708.7668233
124, 4065404, 708.85912
125, 4065674, 708.9398454
126, 4073444, 709.8685457
127, 4073988, 710.0363678
128, 4074186, 710.1391259
129, 4074333, 710.1990333
130, 4074334, 710.2009604
131, 4074342, 710.2053333
132, 4074382, 710.251982
133, 4077182, 710.7684246
134, 4077186, 710.7744885
135, 4083546, 712.3463915
136, 4083555, 712.353978
137, 4083563, 712.3572717
138, 4083638, 712.3691913
139, 4086554, 713.5201137
140, 4086555, 713.5249429
141, 4086561, 713.5317972
142, 4095132, 717.0341642
143, 4095348, 717.0710175
144, 4095349, 717.0727577
145, 4095397, 717.0783895
146, 4095429, 717.0846629
147, 4096997, 717.5716812
148, 4097023, 717.5929102
149, 4115303, 721.898088
150, 4115307, 721.902292
151, 4157457, 730.1115903
152, 4173373, 731.9586428
153, 4173382, 732.0186456
154, 4174246, 732.272618
155, 4176266, 732.8933956
156, 4176274, 732.8971192
157, 4176418, 732.9500265
158, 4178308, 733.424795
159, 4178425, 733.4488987
160, 4178550, 733.4875802
161, 4178694, 733.4939736
162, 4178702, 733.4984148
163, 4178729, 733.5044655
164, 4180892, 733.8976681
165, 4258922, 757.084473
166, 4472880, 809.0030606
167, 4472888, 809.0103631
168, 4472960, 809.0198668
169, 4472979, 809.041721
170, 4483519, 810.8466329
171, 4483520, 810.8481274
172, 4483628, 810.8601154
173, 4483629, 810.8621576
174, 4483677, 810.8948482
175, 4483821, 810.9009686
176, 4483858, 810.918709
177, 4483867, 810.9256935
178, 4483975, 810.93699
179, 4484002, 810.943778
180, 4484003, 810.9478353
181, 4506615, 821.3412593
182, 4562262, 835.1788505
183, 4562270, 835.1873011
184, 4562297, 835.2428066
185, 4562298, 835.2452132
186, 4828717, 875.2447252
187, 5074309, 896.7293301
188, 5074317, 896.7335153
189, 5074415, 896.7472679
190, 5074483, 896.7927089
191, 11419061, 1545.3138147
192, 11419088, 1545.3183641
193, 11419152, 1545.3257735
194, 11419752, 1545.4775227
195, 11419760, 1545.4817964
196, 11419764, 1545.5247734
197, 11419770, 1545.5382897
198, 11419878, 1545.5454719
199, 11419887, 1545.5598181
200, 11419951, 1545.5700817
201, 11419952, 1545.609554
202, 11453054, 1553.9539578
203, 11453104, 1553.9587999
204, 11453142, 1553.9758386
205, 11454294, 1554.1067252
206, 11454295, 1554.1100859
207, 11454303, 1554.1137291
208, 11461734, 1555.2953394
209, 11461859, 1556.5545696
210, 11461863, 1556.5592183
211, 11461881, 1556.5630905
212, 11564785, 1574.2868527
213, 11564833, 1574.2930832
214, 11564897, 1574.3065708
215, 11564924, 1574.3127471
216, 11564925, 1574.3143712
217, 11564933, 1574.3191706
218, 11565233, 1574.3270933
219, 11579600, 1575.8059148
220, 11839170, 1608.7363336
221, 11839238, 1608.776481
222, 11887858, 1616.2272695
223, 11889674, 1616.5443814
224, 11889724, 1616.5843719
225, 11889832, 1616.5901309
226, 11889896, 1616.597822
227, 11890112, 1616.648091
228, 11891030, 1616.8491526
229, 11891100, 1616.8841498
230, 11891442, 1617.0095286
231, 11894002, 1617.3743821
232, 11894020, 1617.3880634
233, 11904076, 1620.9308511
234, 11904151, 1620.9379435
235, 11978104, 1631.6042037
236, 11978105, 1631.6064557
237, 12019492, 1652.5720479
238, 12019493, 1652.5757675
239, 12171421, 1692.2580904
240, 12171422, 1692.2602764
241, 12172047, 1692.3919699
242, 12173841, 1701.0699982
243, 12173913, 1701.2199803
244, 12173917, 1701.2272696
245, 12173918, 1701.2289518
246, 12174114, 1701.2369031
247, 12174132, 1701.2419334
248, 12174377, 1701.3057436
249, 12174593, 1701.3625942
250, 12174974, 1701.4793714
251, 12175049, 1701.4917946
252, 12175157, 1701.5613624
253, 12202192, 1706.0747858
254, 12202200, 1706.0843563
255, 12202929, 1706.1032214
256, 12202937, 1706.1181328
257, 12251557, 1717.6966698
258, 12251589, 1717.7185155
259, 12258204, 1749.380355
260, 12288058, 1755.1170669
261, 12288062, 1755.12715
262, 12288067, 1755.1359147
263, 12288103, 1755.1949881
264, 12475720, 1784.0687943
265, 12476446, 1784.0790083
266, 12476468, 1784.0982292
267, 12476472, 1784.1035495
268, 12478114, 1784.3648938
269, 12478164, 1784.4240253
270, 12681562, 1812.6467693
271, 12685218, 1813.5518288
272, 12685398, 1813.5598526
273, 12688356, 1814.410347
274, 12688842, 1814.4864086
275, 12700692, 1815.9949093
276, 12703633, 1819.1164558
277, 12721198, 1821.8532452
278, 12721199, 1821.8569873
279, 12721217, 1821.8620181
280, 12721692, 1821.9844961
281, 12722245, 1822.2003919
282, 12722253, 1822.2063646
283, 12722254, 1822.2078881
284, 12729275, 1822.917327
285, 12729383, 1822.9266931
286, 12729447, 1822.9364076
287, 12751891, 1825.3068182
288, 12751981, 1825.3453616
289, 12752029, 1825.3504274
290, 12752597, 1825.4325322
291, 12752661, 1825.4404393
292, 12755361, 1825.9415573
293, 12755362, 1825.944157
294, 12755370, 1825.9475918
295, 12873085, 1856.3806063
296, 12873232, 1856.3867024
297, 12873233, 1856.3884511
298, 13040443, 1887.3431736
299, 13040451, 1887.3504453
300, 13045743, 1888.9385328
301, 13045752, 1888.9843607
302, 13048839, 1890.3116048
303, 13048947, 1890.3260542
304, 13051155, 1890.6056289
305, 13051255, 1890.6131904
306, 13051341, 1890.6421924
307, 13051345, 1890.6583139
308, 13051372, 1890.6646463
309, 15207112, 2127.8251395
310, 15207256, 2127.8609027
311, 15207257, 2127.8936214
312, 15207673, 2128.6539468
313, 15210489, 2129.2990028
314, 15210490, 2129.300932
315, 15210560, 2129.3294183
316, 15224437, 2131.084286
317, 15225469, 2131.2693436
318, 15235244, 2132.9103871
319, 15235245, 2132.912293
320, 15237997, 2133.2771567
321, 15238213, 2133.3096753
322, 15244106, 2134.5601201
323, 15244362, 2134.681748
324, 15244366, 2134.711551
325, 15244393, 2134.7299582
326, 15244401, 2134.7351984
327, 15244449, 2134.7407247
328, 15244481, 2134.7758851
329, 15301157, 2143.8537823
330, 15301724, 2143.86401
331, 15301725, 2143.8661722
332, 15301869, 2144.0056376
333, 15301870, 2144.0094358
334, 15301878, 2144.0156448
335, 15301905, 2144.0980952
336, 15307145, 2144.7452638
337, 15307149, 2144.7798338
338, 15307203, 2144.7986846
339, 15308203, 2144.8129229
340, 15311292, 2145.1457658
341, 15311717, 2145.2144362
342, 15312117, 2145.4020912
343, 15312169, 2145.4774783
344, 15312217, 2145.5268983
345, 15312249, 2145.5417001
346, 15314127, 2145.9992769
347, 15314895, 2146.2794009
348, 15316623, 2146.4271874
349, 15316631, 2146.4327579
350, 15316807, 2146.4833974
351, 15321607, 2147.3819121
352, 15322278, 2147.5159569
353, 15344402, 2151.097533
354, 15344429, 2151.1052971
355, 15344493, 2151.1267102
356, 15347157, 2151.709262
357, 15347373, 2151.7485497
358, 15347374, 2151.7510461
359, 15347401, 2151.758011
360, 15347419, 2151.7617425
361, 15347427, 2151.7657104
362, 15347435, 2151.7917203
363, 15347443, 2151.7944283
364, 15347587, 2151.8742669
365, 15347761, 2152.0006655
366, 15347981, 2152.1655599
367, 15348365, 2152.2538948
368, 15362736, 2154.0917614
369, 15363158, 2154.1971724
370, 15363190, 2154.2727378
371, 15363254, 2154.3613763
372, 15363638, 2154.4594128
373, 15363738, 2154.4665482
374, 15611087, 2214.0511263
375, 15611095, 2214.0570896
376, 15611943, 2214.1576706
377, 15611944, 2214.1617819
378, 15611971, 2214.1671702
379, 15613259, 2214.4764992
380, 15613515, 2214.4843588
381, 15613516, 2214.4857259
382, 15613517, 2214.4872595
383, 15613912, 2214.7998843
384, 15619576, 2215.6381602
385, 15621652, 2216.391131
386, 15696652, 2240.6157763
387, 15700317, 2241.343378
388, 15700318, 2241.3459362
389, 15700336, 2241.3486841
390, 15702090, 2241.7092698
391, 15708162, 2242.8658239
392, 15708163, 2242.867362
393, 15708181, 2242.8729419
394, 15708403, 2242.9129453
395, 15708451, 2242.9173904
396, 15709381, 2243.2641492
397, 15709390, 2243.2686507
398, 15709810, 2243.3511665
399, 15709811, 2243.3526469
400, 15728375, 2245.2004939
401, 15728376, 2245.2037253
402, 15728377, 2245.2073358
403, 15728521, 2245.239899
404, 15728548, 2245.2549039
405, 15728549, 2245.2578757
406, 15728557, 2245.2998801
407, 15728558, 2245.332335
408, 15728774, 2245.3424751
409, 15728782, 2245.3491875
410, 15738761, 2246.4699271
411, 15764951, 2250.6075908
412, 15764952, 2250.6433884
413, 15836418, 2257.5311079
414, 15837321, 2257.7397401
415, 15838538, 2258.1236476
416, 15838570, 2258.1375093
417, 15838578, 2258.141273
418, 15839178, 2258.1500457
419, 15849238, 2263.2849644
420, 15849247, 2263.2911094
421, 15849398, 2263.3979807
422, 15849523, 2263.4550996
423, 15849667, 2263.5198935
424, 15851845, 2264.027378
425, 15851853, 2264.033292
426, 15854845, 2264.7232821
427, 15857149, 2264.8157654
428, 15857157, 2264.8432582
429, 15864084, 2265.6335673
430, 15904788, 2272.0189335
431, 15905131, 2272.0353971
432, 15910319, 2272.8259586
433, 15951754, 2277.8405667
434, 15967779, 2283.3002245
435, 15967999, 2283.3662544
436, 15969519, 2283.6726849
437, 15970005, 2283.7663203
438, 16122142, 2335.3296963
439, 16122862, 2335.4799843
440, 16122870, 2335.4836381
441, 16128240, 2336.2105319
442, 16128304, 2336.2700104
443, 16128520, 2336.3346947
444, 16138901, 2339.0702749
445, 16138928, 2339.0829542
446, 16139028, 2339.0882231
447, 16647764, 2465.8844564
448, 16647765, 2465.8897444
449, 16647783, 2465.8955767
450, 16647953, 2465.9770803
451, 16647980, 2465.985412
452, 16647981, 2465.9887523
453, 16666545, 2494.3120085
454, 16666553, 2494.3178331
455, 16666562, 2494.3224781
456, 16666563, 2494.3242137
457, 16668813, 2494.891714
458, 16874427, 2515.5091563
459, 16874552, 2515.5502646
460, 16874609, 2515.5748454
461, 16874613, 2515.5795447
462, 16878885, 2515.9858986
463, 16880621, 2516.3272178
464, 16880702, 2516.3690885
465, 16880729, 2516.467673
466, 16881809, 2516.7620623
467, 16881841, 2516.8257706
468, 16881849, 2516.8297966
469, 16895293, 2519.5571542
470, 16895294, 2519.5770272
471, 16895302, 2519.580544
472, 16895508, 2519.67181
473, 16895556, 2519.6796078
474, 16896668, 2519.8946669
475, 16896669, 2519.8966992
476, 16896881, 2520.0035462
477, 16898177, 2520.7108771
478, 16898421, 2520.8888589
479, 16898429, 2520.8932139
480, 16898481, 2520.962118
481, 16898526, 2521.0091606
482, 16911479, 2522.8913952
483, 16911480, 2522.8933051
484, 16911646, 2522.9328014
485, 16912246, 2522.9843708
486, 16912732, 2523.1577458
487, 16914883, 2523.8553333
488, 16915603, 2524.0270597
489, 19619759, 2935.7936634
490, 26461133, 3907.4943483
491, 26461134, 3907.4963807
492, 26461135, 3907.4988226
493, 26476057, 3914.1540926
494, 26476313, 3914.3440808
495, 26481063, 3914.9705185
496, 26481071, 3914.9737554
497, 26481135, 3914.9901923
498, 26481183, 3915.0967163
499, 26529803, 3923.4312153
500, 26530663, 3923.6878601
501, 26530667, 3923.6910987
502, 26530675, 3923.7012315
503, 26530692, 3923.7176105
504, 26530742, 3923.7379733
505, 26530743, 3923.7770783
506, 26685992, 3973.5434431
507, 26686180, 3973.6381169
508, 26686244, 3973.6462785
509, 26686276, 3973.6506214
510, 26690608, 3974.3427489
511, 26694452, 3975.4186386
512, 26702146, 3976.8766622
513, 26717211, 3979.726678
514, 26717227, 3979.7403615
515, 26717483, 3979.8616072
516, 26717487, 3979.8654145
517, 26717537, 3979.8703309
518, 26717881, 3979.9943723
519, 26717889, 3980.0286882
520, 26717897, 3980.0345706
521, 26718497, 3980.1508883
522, 26718505, 3980.2016652
523, 26718532, 3980.2082555
524, 26723194, 3980.8839569
525, 26723202, 3980.9182133
526, 26724098, 3981.1574287
527, 26729178, 3981.7645748
528, 26729179, 3981.7668364
529, 26729243, 3981.8029685
530, 26729270, 3981.8096713
531, 26729278, 3981.8125387
532, 26729286, 3981.8155487
533, 26730486, 3982.0899664
534, 26730557, 3982.1240125
535, 26730957, 3982.2228284
536, 26740501, 3984.0454373
537, 26740502, 3984.0631652
538, 26740926, 3984.1578848
539, 26802308, 3992.7673957
540, 26819131, 3996.6231746
541, 26821450, 3997.0401201
542, 26821578, 3997.049708
543, 26822067, 3997.2821503
544, 26822099, 3997.3032925
545, 26836427, 4001.6046403
546, 26836623, 4001.6385066
547, 26836624, 4001.6408082
548, 26836704, 4001.737306
549, 26836722, 4001.7447495
550, 26836786, 4001.7512925
551, 26836850, 4001.8050662
552, 26837162, 4001.8893145
553, 26837166, 4001.8932519
554, 26852412, 4007.1215401
555, 26852413, 4007.1241257
556, 26852569, 4007.1782827
557, 26857700, 4009.3262383
558, 26857770, 4009.4101589
559, 26872867, 4012.304124
560, 26874420, 4012.6412733
561, 26874447, 4012.6537593
562, 26879452, 4013.3223667
563, 26880334, 4014.1122594
564, 26880579, 4014.1212505
565, 26880597, 4014.12592
566, 26880661, 4014.1634098
567, 26880693, 4014.1803405
568, 26880701, 4014.1888086
569, 26906069, 4020.609155
570, 26906073, 4020.611909
571, 26906121, 4020.6153677
572, 26906957, 4020.7348072
573, 26907821, 4020.9315834
574, 26907987, 4021.0662786
575, 26917016, 4023.1699562
576, 26917017, 4023.196438
577, 26926703, 4024.4077039
578, 26927621, 4024.5585416
579, 26927696, 4024.62621
580, 26927714, 4024.6456218
581, 27083979, 4048.6011713
582, 27083980, 4048.602885
583, 27084044, 4048.6104933
584, 27084045, 4048.6122573
585, 27084126, 4048.7099021
586, 27085747, 4048.9880755
587, 27093103, 4050.3595617
588, 27093167, 4050.3662797
589, 27093168, 4050.3677718
590, 27093186, 4050.3720937
591, 27094914, 4050.7721861
592, 27101529, 4051.9857743
593, 27101705, 4052.0372442
594, 27101805, 4052.2857318
595, 27105730, 4052.7158775
596, 27106504, 4052.8602124
597, 27106700, 4052.9285028
598, 27106732, 4052.9759769
599, 27106733, 4053.0106209
600, 27106781, 4053.0614241
601, 27106808, 4053.0727198
602, 27106889, 4053.1529857
603, 27106921, 4053.1607377
604, 27107065, 4053.2201913
605, 27112210, 4054.5073776
606, 27112285, 4054.5415956
607, 27112317, 4054.5530406
608, 27112351, 4054.5797673
609, 27112423, 4054.5923182
610, 27112439, 4054.636863
611, 27112440, 4054.6383121
612, 27112462, 4054.7074031
613, 27113038, 4054.9663704
614, 27113102, 4055.0586928
615, 27113129, 4055.0715502
616, 27114713, 4055.507945
617, 27115118, 4055.610908
618, 27115136, 4055.6180458
619, 27115208, 4055.6871392
620, 27115217, 4055.6966311
621, 27115218, 4055.7185327
622, 27115226, 4055.7259
623, 27115283, 4055.7970641
624, 27158003, 4077.082728
625, 27158143, 4077.1150177
626, 27158161, 4077.1204451
627, 27158561, 4077.1319645
628, 27158569, 4077.1657402
629, 27171457, 4078.6357779
630, 27171461, 4078.6449131
631, 27171536, 4078.6759725
632, 27171537, 4078.686447
633, 27172239, 4078.9085346
634, 27172894, 4079.1028413
635, 27173002, 4079.1440275
636, 27173003, 4079.1458572
637, 27173078, 4079.1789521
638, 27175562, 4080.0879714
639, 27177282, 4080.8150778
640, 27177498, 4081.0287395
641, 27178274, 4081.3849843
642, 27178530, 4081.4632777
643, 27178562, 4081.4717546
644, 27179078, 4082.1244811
645, 27193973, 4083.7835133
646, 27194000, 4083.7901229
647, 27194064, 4083.7965321
648, 27194115, 4083.8225977
649, 27216051, 4089.2880686
650, 27216451, 4089.3537776
651, 27216459, 4089.3609431
652, 27216463, 4089.3683734
653, 27623842, 4136.18961
654, 27626544, 4136.4304098
655, 27638781, 4138.417035
656, 27638782, 4138.4203345
657, 27638998, 4138.539121
658, 27838598, 4187.3472741
659, 27841633, 4188.0437575
660, 27841637, 4188.0465786
661, 27841937, 4188.0619221
662, 27847645, 4189.3723505
663, 27850504, 4189.7598738
664, 27851152, 4190.3611703
665, 27902547, 4195.5221377
666, 27998365, 4208.4737485
667, 27998902, 4208.6093438
668, 27998934, 4208.6150686
669, 27999006, 4208.6362948
670, 27999010, 4208.6599365
671, 27999091, 4208.6779954
672, 27999316, 4208.814519
673, 27999511, 4208.8805894
674, 27999727, 4208.8901731
675, 27999735, 4208.8940799
676, 27999744, 4208.9004323
677, 27999794, 4209.2417631
678, 27999802, 4209.2748959
679, 27999829, 4209.3216761
680, 28000172, 4209.3802668
681, 28000247, 4209.3854907
682, 28000647, 4209.3939869
683, 28000891, 4209.5132671
684, 28000899, 4209.5618481
685, 28000907, 4209.5656762
686, 28000915, 4209.5702593
687, 28172415, 4209.6159857
688, 28172901, 4209.7711334
689, 28173579, 4209.9738732
690, 28173987, 4210.127289
691, 28184933, 4211.1793295
692, 28226178, 4218.7860874
693, 28226205, 4218.8003209
694, 28226213, 4218.8090848
695, 28229881, 4219.7110573
696, 28229899, 4219.7676474
697, 28229900, 4219.7698936
698, 28229904, 4219.7728117
699, 28230004, 4219.7940316
700, 28230005, 4219.7968957
701, 28230149, 4219.8069106
702, 28230150, 4219.8080928
703, 28287800, 4235.2751491
704, 28288284, 4235.2833184
705, 28288392, 4235.2911388
706, 28288440, 4235.3211424
707, 28364318, 4242.7983619
708, 28364322, 4242.8035815
709, 28364399, 4242.8619652
710, 28365551, 4243.1278724
711, 28365555, 4243.132871
712, 28365735, 4243.1820718
713, 28367512, 4243.6202064
714, 28368187, 4243.7484585
715, 28368214, 4243.7621532
716, 28368781, 4243.7743477
717, 28396468, 4247.1957006
718, 28396476, 4247.2004815
719, 28396484, 4247.2066759
720, 28396513, 4247.24218
721, 28402597, 4248.9591474
722, 28403674, 4249.3155836
723, 28403755, 4249.3432313
724, 28404255, 4249.4434617
725, 28404303, 4249.5267307
726, 28419641, 4251.572161
727, 28419857, 4251.6920642
728, 28421457, 4251.7125788
729, 28422027, 4251.8124619
730, 28422028, 4251.824689
731, 28426164, 4252.5887847
732, 28427280, 4252.7841347
733, 28428280, 4252.8692972
734, 28500023, 4261.1490827
735, 28500148, 4261.1824628
736, 28500156, 4261.1871982
737, 28501020, 4261.8870666
738, 28501021, 4261.8891184
739, 28501616, 4262.2000195
740, 28526603, 4267.0701444
741, 28527891, 4267.2228202
742, 28571334, 4271.5244084
743, 28571550, 4271.5315131
744, 28571631, 4271.6144692
745, 28571876, 4271.6598921
746, 28571924, 4271.7401245
747, 28571925, 4271.7417696
748, 28571973, 4271.7478064
749, 28572667, 4272.1940092
750, 28574047, 4272.3903055
751, 28574455, 4272.4673399
752, 28574465, 4272.4746217
753, 28574565, 4272.479168
754, 28574649, 4272.5193919
755, 28574862, 4272.5556202
756, 28574870, 4272.5602172
757, 28574878, 4272.5649632
758, 28575094, 4272.6236772
759, 28575303, 4272.7231202
760, 28575335, 4272.7354835
761, 28575339, 4272.7404424
762, 28575680, 4272.8657255
763, 28575688, 4272.8724684
764, 28575899, 4272.9683883
765, 28575908, 4272.9782881
766, 28575940, 4273.0101336
767, 28576040, 4273.0326362
768, 28601372, 4276.1288855
769, 28606845, 4276.6085874
770, 28606846, 4276.6104893
771, 28606855, 4276.6140517
772, 28606856, 4276.635595
773, 28606864, 4276.6406281
774, 28607008, 4276.6522279
775, 28783887, 4292.665818
776, 28783921, 4292.6897748
777, 28783929, 4292.6948137
778, 28783937, 4292.7013745
779, 28784009, 4292.7553628
780, 28784010, 4292.7578595
781, 28784193, 4292.8177131
782, 28788289, 4293.2485486
783, 28788297, 4293.2521679
784, 28792322, 4294.2072928
785, 28836905, 4304.3188467
786, 28836980, 4304.3305875
787, 28892276, 4326.5622483
788, 28892303, 4326.5686492
789, 29215706, 4366.7460432
790, 29215707, 4366.7479118
791, 29270435, 4378.5739824
792, 29270483, 4378.581911
793, 29270484, 4378.5843028
794, 29270522, 4378.6090042
795, 29270530, 4378.6165578
796, 29270538, 4378.6210737
797, 29271438, 4378.788441
798, 29322598, 4410.2193296
799, 29327114, 4411.6285858
800, 29327122, 4411.6315039
801, 29327722, 4411.730468
802, 29327964, 4411.8193319
803, 29339169, 4413.6347439
804, 29341521, 4415.7612486
805, 29409171, 4423.5893553
806, 29409657, 4423.7803515
807, 29409677, 4423.829607
808, 29409768, 4423.9158218
809, 29409776, 4423.9201493
810, 29409780, 4423.9257018
811, 29546463, 4453.0003321
812, 29546515, 4453.0752539
813, 29546771, 4453.1564361
814, 29546779, 4453.159841
815, 29547643, 4453.3476983
816, 29547651, 4453.3528672
817, 29547683, 4453.3589641
818, 29549663, 4453.9078167
819, 29549667, 4453.9125827
820, 29549911, 4453.9782771
821, 29549986, 4453.9854082
822, 29550306, 4454.0027586
823, 29551188, 4454.2395945
824, 29681403, 4483.5502547
825, 29681547, 4483.5930052
826, 29681558, 4483.6000044
827, 29681566, 4483.6026552
828, 29682052, 4483.6087519
829, 29758859, 4523.0770866
830, 29758860, 4523.0818642
831, 29849132, 4531.8482029
832, 29849140, 4531.9942706
833, 29849148, 4531.9975668
834, 29868004, 4539.353196
835, 29868148, 4539.392739
836, 29868156, 4539.4362033
837, 29872181, 4540.113407
838, 29875963, 4540.8201884
839, 29876085, 4540.9062518
840, 29876086, 4540.9087993
841, 29878129, 4541.2872314
842, 29878468, 4541.3372959
843, 29878469, 4541.3655528
844, 29878496, 4541.4594575
845, 29878627, 4541.5876846
846, 29879227, 4541.7699304
847, 29879231, 4541.7727684
848, 29881414, 4542.3504024
849, 29909502, 4548.6058595
850, 29909510, 4548.6116476
851, 29909542, 4548.7872949
852, 29909638, 4548.9007711
853, 29909722, 4548.9387992
854, 29925180, 4553.2710707
855, 30091010, 4588.3648572
856, 30091077, 4588.3926008
857, 30091078, 4588.3949377
858, 30091079, 4588.3985154
859, 30093600, 4588.614259
860, 30093601, 4588.6440548
861, 30093628, 4588.6497568
862, 30093655, 4588.6656386
863, 30097103, 4589.4495402
864, 30097104, 4589.4510064
865, 30097105, 4589.4524581
866, 30113178, 4592.9721297
867, 30116154, 4593.5567442
868, 30156482, 4612.4199744
869, 30156490, 4612.423613
870, 30156525, 4612.48705
871, 30157011, 4612.5750529
872, 30157019, 4612.5782116
873, 30157083, 4612.5866575
874, 30157091, 4612.5916693
875, 30157127, 4614.5274463
876, 30174397, 4616.7012416
877, 30205285, 4621.9518753
878, 30205293, 4621.9564205
879, 30205493, 4621.9674715
880, 30205993, 4622.0974483
881, 30295003, 4632.8208592
882, 30480943, 4740.7267988
883, 30480991, 4740.7335751
884, 30601173, 4785.6277435
885, 30601191, 4785.6416773
886, 30601192, 4785.6433199
887, 30602841, 4785.8155436
888, 30602849, 4785.8193713
889, 30603092, 4785.8269922
890, 30606384, 4786.9476098
891, 30607088, 4787.0590637
892, 30607089, 4787.0614657
893, 30607137, 4787.1328711
894, 30610512, 4787.66998
895, 30610544, 4787.6746179
896, 30610562, 4787.6866744
897, 30649126, 4793.1655646
898, 30649127, 4793.1687715
899, 30925821, 4868.483415
900, 30927261, 4868.8351699
901, 30928470, 4869.1939888
902, 49400628, 11506.5985267
903, 49400632, 11506.6027969
904, 49401046, 11506.7502937
905, 49401110, 11506.7774636
906, 49401145, 11506.7949421
907, 49406065, 11507.6668035
908, 49406355, 11507.8059986
909, 49406363, 11507.8091507
910, 49406543, 11508.0151863
911, 49407231, 11508.2711136
912, 49407249, 11508.2745024
913, 49407893, 11508.3703812
914, 49467969, 11527.0716952
915, 49468420, 11527.1910465
916, 49468429, 11527.1958923
917, 49468437, 11527.2218331
918, 49469163, 11527.4026204
919, 49469171, 11527.4081456
920, 49469197, 11527.4265282
921, 49546078, 11540.5746796
922, 49546294, 11540.6315001
923, 49546321, 11540.651659
924, 49548451, 11541.688401
925, 49552420, 11541.7119061
926, 49552424, 11541.7367149
927, 49554899, 11542.9761831
928, 49554907, 11542.986294
929, 49554923, 11542.9902437
930, 49555139, 11543.0615188
931, 49555157, 11543.1218819
932, 49555489, 11543.2791322
933, 49555519, 11543.2896958
934, 49556787, 11543.5482822
935, 49562307, 11544.536051
936, 49562633, 11544.640642
937, 49810825, 11577.543156
938, 49819781, 11578.784132
939, 49839583, 11590.2176922
940, 49840708, 11590.4172145
941, 49840709, 11590.4195211
942, 49840710, 11590.4220655
943, 49840737, 11590.4313927
944, 49847757, 11591.6567269
945, 49857221, 11593.2710669
946, 49857321, 11593.3458476
947, 49857683, 11593.4622597
948, 49857684, 11593.4644312
949, 49857716, 11593.4842968
950, 49860656, 11593.7467938
951, 49861056, 11593.841715
952, 49861064, 11593.8461527
953, 49861392, 11593.9252463
954, 49906062, 11606.7003012
955, 49906089, 11606.7094083
956, 49906107, 11606.7159355
957, 49923007, 11611.1571252
958, 49923391, 11611.3837493
959, 50060507, 11631.6452058
960, 50060508, 11631.6485043
961, 50112780, 11645.678011
962, 50112830, 11645.6827118
963, 50112838, 11645.6863674
964, 50112856, 11645.6913276
965, 50113342, 11645.8383648
966, 50113392, 11645.8462455
967, 50113440, 11645.85392
968, 50113448, 11645.8850461
969, 50113512, 11645.9048095
970, 50113576, 11646.0166152
971, 50113603, 11646.0290864
972, 50113635, 11646.0456342
973, 50113636, 11646.0485041
974, 50118397, 11647.0579806
975, 50118424, 11647.065902
976, 51080099, 11781.463639
977, 51080441, 11781.5480455
978, 51080812, 11781.6468046
979, 51444070, 11782.2983618
980, 51444320, 11782.3653663
981, 51444384, 11782.4526834
982, 51444389, 11782.4648529
983, 51447492, 11783.0415177
984, 51453768, 11783.7661432
985, 51453776, 11783.8088703
986, 51453777, 11783.8114654
987, 51527532, 11797.9839461
988, 51527540, 11797.9885649
989, 51527541, 11797.9904757
990, 51527549, 11797.9935673
991, 51527765, 11798.0762598
992, 51527773, 11798.1121797
993, 51527781, 11798.1163476
994, 51532160, 11799.5115566
995, 51553082, 11803.3839811
996, 51553772, 11803.594935
997, 51553796, 11803.6077929
998, 51554660, 11803.9903406
999, 51945133, 11849.7797925
1000, 51947602, 11850.1992758